0;898;1041;3256;1166;1156;1160;1580;1529;1447;1473;278;1317;1302;1469;1253;1360;1292;672;1572;5418;2180;1170;892;1135;1032;1512;1500;1083;1128;2426;1598;1600;1575;1398;1786;1252;1233;1650;1645;1060;1647;1279;1676;1103;1688;2874;2344;6538;1910;1486;1017;6214;4109;4212;4291;4256;858;817;1139;1010;1055;2932;2206;1248;1423;298;576;1339;492;5080;2677;693;1609;1364;1350;1336;792;4407;2263;1354;2157;4249;894;2342;1905;1987;2239;2303;1751;4274;3233;1040;1285;2602;3132;1518;2377;2318;1023;1426;913;581;897;3537;4798;5096;6089;1524;2695;4739;5340;2776;3619;4469;3915;5757;2911;1040;1623;1637;1669;1674;1678;1714;2786;773;1108;1804;1814;1408;1225;1340;1365;2657;4660;3050;1489;1319;1944;1361;5403;522;3105;3229;3035;3016;6677;4317;2228;1728;2665;1522;2223;2747;1037;5888;1624;806
898;0;174;3498;439;429;433;750;698;581;607;760;784;1433;1721;1428;1439;1476;391;1765;6319;1434;358;1243;285;221;667;656;211;317;1869;1773;756;731;532;2019;408;389;1137;887;216;802;435;1098;253;930;2128;1591;5792;2103;1713;819;5468;4927;5030;5109;5074;1208;996;295;1361;409;3125;2399;885;1598;1147;1144;975;513;4798;2120;220;1772;1000;987;1250;313;3661;2542;1530;1411;5067;347;2535;2098;2263;2518;2213;2030;5092;3426;229;922;2149;2827;688;2450;1507;813;815;1731;412;1715;2791;4052;4350;5343;694;3009;3993;4594;2043;3094;3944;3169;5011;2165;168;1816;1830;1862;1867;1872;1908;2281;700;1387;960;970;542;1220;1336;1344;1845;3914;2304;645;1598;2223;1640;4657;411;2824;2948;2754;2735;6513;4153;2507;1921;2205;711;2465;2989;164;5724;779;880
1041;174;0;3599;275;264;269;603;551;469;495;902;627;1560;1848;1555;1566;1603;430;1892;6419;1561;194;1343;152;56;617;629;177;152;1996;1900;643;619;421;2146;481;462;1264;948;319;810;403;1225;120;960;2003;1585;5787;2230;1840;946;5344;4877;4981;5059;5024;1309;1096;354;1461;536;3252;2526;1012;1725;1289;1094;1102;613;4925;2247;362;1899;1127;1114;1377;370;3788;2384;1657;1538;5017;474;2662;2225;2105;2360;2340;1872;5042;3553;64;1049;1985;2669;541;2550;1342;940;942;1681;512;1665;2786;3927;4344;5218;547;2851;4120;4721;1878;2929;3779;3296;5138;2292;219;1943;1957;1989;1994;1999;2035;2116;740;1229;955;964;431;1062;1178;1186;1681;3790;2299;533;1440;2065;1482;4784;553;2951;3075;2881;2862;6640;4280;2349;2048;2332;546;2566;3090;215;5851;667;723
3256;3498;3599;0;4060;4050;4054;4106;4097;4085;4059;3033;4523;2622;2308;2332;2565;2412;3879;2352;3747;4229;3783;2348;3780;3645;4002;3991;3706;3742;4171;1880;4111;4086;4027;2566;3713;3694;3285;3856;3583;4015;3819;3311;3748;3899;4923;4598;8758;2067;2291;2693;8264;4661;4579;4475;4944;2382;2596;3684;2272;3493;1509;1888;3046;2399;2960;3290;3123;2986;4620;4082;3587;2423;3003;2913;2754;3686;4964;4882;2295;4206;4561;3439;1926;2072;4405;4741;2658;4489;4641;1590;3653;2978;5809;6093;4087;1134;5147;2699;3406;3120;3086;3273;5586;6847;7145;8138;4093;5086;6168;6727;5587;6529;7379;5596;6998;5134;3663;2329;2316;2284;2279;2274;2238;5716;3707;3846;4173;4182;4037;4215;4330;4371;5281;6709;5100;4011;4057;4682;4099;7436;3382;3179;3227;3109;3090;5521;3764;4730;2224;3412;4135;1086;304;3659;5335;4135;4012
1166;439;275;4060;0;10;6;516;538;456;482;1027;483;1710;1998;1858;1716;1752;532;2042;6534;1536;141;1712;297;222;607;618;298;140;1972;2078;633;536;321;2295;577;558;1414;962;500;824;417;1374;264;974;2091;1704;5776;2380;1990;1124;5432;4984;5088;5166;5131;1678;1361;487;1830;685;3402;2676;1161;2002;1415;1201;1252;878;5075;2222;488;2049;1277;1263;1526;471;3763;2241;1834;1513;5124;652;2812;2375;1962;2217;2489;1729;5150;3703;214;1198;1857;2526;528;2815;1214;1118;1092;1788;777;1772;2801;4015;4334;5306;534;2708;4095;4697;1750;2802;3652;3271;5113;2267;400;2093;2107;2139;2143;2148;2184;1988;842;1086;944;954;331;919;1034;1042;1553;3878;2289;523;1296;1921;1338;4759;678;3101;3225;3031;3012;6790;4430;2206;2198;2482;418;3027;3551;379;6000;657;579
1156;429;264;4050;10;0;4;506;528;446;472;1017;493;1700;1988;1848;1706;1742;522;2031;6524;1526;131;1702;287;212;597;608;288;130;1962;2068;623;525;311;2285;567;548;1404;952;490;814;407;1364;254;964;2081;1694;5766;2369;1980;1114;5422;4995;5098;5177;5141;1668;1351;477;1820;675;3392;2666;1151;1992;1404;1212;1242;868;5065;2212;477;2039;1267;1253;1516;461;3753;2251;1824;1503;5134;641;2802;2365;1972;2227;2479;1739;5160;3693;204;1188;1847;2536;518;2805;1204;1108;1082;1799;767;1783;2791;4005;4324;5296;524;2718;4085;4686;1740;2791;3642;3261;5103;2257;390;2083;2097;2128;2133;2138;2174;1978;852;1096;934;944;321;929;1044;1052;1543;3868;2279;512;1306;1931;1349;4749;668;3091;3215;3021;3001;6780;4419;2216;2188;2472;408;3017;3541;369;5990;647;589
1160;433;269;4054;6;4;0;510;532;450;477;1021;489;1704;1992;1852;1710;1746;526;2036;6529;1530;135;1706;291;216;601;612;292;135;1966;2072;627;530;315;2289;571;552;1408;956;494;818;411;1368;258;968;2085;1698;5770;2374;1984;1118;5426;4990;5094;5172;5137;1672;1356;481;1824;679;3396;2670;1155;1996;1409;1207;1246;872;5069;2217;482;2043;1271;1257;1520;465;3758;2247;1828;1507;5130;646;2806;2369;1968;2223;2483;1735;5156;3697;208;1192;1851;2532;522;2809;1208;1112;1086;1794;771;1778;2796;4009;4328;5300;528;2714;4090;4691;1744;2796;3646;3265;5107;2261;394;2087;2101;2133;2137;2142;2178;1982;848;1092;938;948;325;925;1040;1048;1547;3872;2283;517;1302;1927;1344;4753;672;3095;3219;3025;3006;6784;4424;2211;2192;2476;412;3021;3545;373;5995;651;585
1580;750;603;4106;516;506;510;0;51;134;107;1369;797;1653;1941;1801;1659;1695;946;1984;7067;1177;511;1883;582;562;104;115;575;482;1613;2254;72;20;207;2238;517;498;1295;520;610;268;330;1256;550;549;1448;1030;5231;2322;1933;1340;4789;5461;5564;5643;5608;1849;1637;509;2001;639;3344;2618;1104;1944;1829;1678;1195;1153;4822;1864;902;1992;1220;1206;1469;886;3405;2717;2010;1155;5601;764;2755;2318;2438;2693;2432;2205;5626;3646;553;1141;1740;2835;62;3088;1217;1333;973;2265;1053;2249;2231;3372;3789;4663;56;3184;3737;4338;1634;2599;3449;2913;4755;1909;609;2036;2050;2081;2086;2091;2127;1785;1319;1562;399;409;185;1395;1511;1519;1350;3234;1744;124;1773;2398;1815;4400;1092;2982;3022;2912;2893;6671;4311;2682;2141;2311;393;3073;3597;607;5882;96;1056
1529;698;551;4097;538;528;532;51;0;82;56;1317;820;1644;1932;1792;1650;1687;895;1976;6908;1229;460;1832;531;510;155;166;524;431;1664;2245;124;71;220;2230;497;478;1293;559;558;319;278;1254;498;588;1499;1081;5283;2314;1924;1288;4840;5483;5587;5665;5630;1798;1586;463;1950;620;3336;2610;1096;1936;1778;1700;1186;1102;4954;1915;851;1983;1211;1198;1461;834;3456;2739;2002;1206;5623;713;2746;2309;2461;2716;2424;2228;5649;3637;502;1133;1760;2825;10;3079;1237;1282;971;2287;1001;2271;2282;3423;3841;4714;5;3207;3788;4389;1653;2618;3469;2964;4806;1960;557;2027;2041;2073;2078;2083;2119;1805;1341;1585;451;461;208;1418;1533;1541;1370;3286;1795;93;1795;2420;1837;4452;1041;2980;3104;2910;2891;6669;4309;2704;2132;2363;415;3064;3588;556;5880;148;1078
1447;581;469;4085;456;446;450;134;82;0;26;1308;738;1632;1920;1780;1638;1674;813;1963;6896;1217;378;1819;449;428;164;176;442;349;1653;2233;190;153;138;2217;485;466;1281;546;546;370;266;1241;416;575;1550;1132;5333;2301;1912;1276;4891;5401;5505;5583;5548;1785;1573;451;1938;607;3323;2598;1083;1923;1695;1618;1174;1090;4942;1904;768;1971;1199;1185;1448;752;3445;2657;1989;1194;5541;701;2734;2297;2379;2634;2411;2145;5567;3625;420;1120;1735;2743;72;3067;1093;1270;959;2205;989;2189;2333;3474;3891;4765;78;3124;3777;4378;1629;2647;3498;2952;4794;1949;543;2015;2029;2060;2065;2070;2106;1834;1259;1502;502;511;126;1335;1451;1459;1399;3337;1846;80;1713;2338;1755;4440;959;2968;3091;2898;2878;6657;4296;2622;2120;2351;333;3052;3576;523;5867;214;996
1473;607;495;4059;482;472;477;107;56;26;0;1278;764;1606;1894;1753;1612;1648;839;1937;6870;1191;404;1793;475;454;138;149;468;375;1627;2207;164;127;164;2191;458;440;1254;520;520;344;239;1215;443;549;1524;1106;5307;2275;1885;1249;4864;5427;5531;5609;5574;1759;1547;424;1911;581;3297;2571;1057;1897;1722;1644;1148;1063;4916;1877;795;1944;1173;1159;1422;778;3418;2684;1963;1168;5567;674;2708;2270;2405;2660;2385;2172;5593;3598;446;1094;1762;2769;46;3040;1119;1243;933;2231;962;2215;2307;3448;3865;4739;51;3151;3750;4351;1655;2674;3524;2926;4768;1922;518;1989;2002;2034;2039;2044;2080;1860;1285;1529;475;485;152;1362;1477;1485;1425;3310;1820;54;1739;2364;1781;4414;985;2941;3065;2871;2852;6631;4270;2649;2094;2325;359;3026;3550;517;5841;188;1022
278;760;902;3033;1027;1017;1021;1369;1317;1308;1278;0;1334;1095;1261;1046;1153;1084;668;1365;5854;1915;1031;685;996;894;1286;1275;936;990;2161;1391;1374;1350;1260;1579;1027;1008;1386;1380;813;1432;1054;1412;964;1423;2609;2142;6273;1703;1278;810;5950;4368;4471;4550;4515;651;610;914;803;886;2725;1999;983;1215;557;835;1074;228;4872;2412;554;1402;1099;1085;1128;653;4143;2522;1147;1892;4508;668;2135;1698;2246;2498;2096;2010;4533;3026;902;1020;2702;3333;1307;2128;2180;717;1161;1172;316;1156;3273;4533;4831;5824;1313;2954;4475;5076;2716;3767;4617;3650;5492;2647;893;1416;1430;1462;1466;1471;1507;2953;978;1367;1590;1600;1270;1426;1542;1567;2518;4395;2786;1264;1578;2203;1620;5138;349;2898;3022;2828;2809;6470;4110;2487;1521;2400;1384;2000;2524;889;5680;1398;1007
1317;784;627;4523;483;493;489;797;820;738;764;1334;0;2123;2411;2271;2129;2165;802;2454;6685;1949;554;2019;698;595;902;913;711;553;2385;2617;1019;817;603;2708;990;971;1827;1284;906;1147;830;1787;665;1313;2204;1816;5818;2792;2403;1567;5545;5101;5205;5283;5248;1985;1836;900;2137;1098;3814;3089;1574;2415;1566;1318;1665;1223;5488;2635;795;2462;1690;1676;1939;778;4176;2241;2373;1944;5241;1094;3225;2788;1997;2252;2902;1729;5267;4116;603;1611;1368;2043;810;3462;1050;1561;1505;1905;1122;1889;2914;4128;4093;4798;815;2585;4440;5041;1541;2384;3234;3684;5526;2680;813;2506;2520;2551;2556;2561;2597;1552;959;1120;1199;1209;613;612;728;736;1443;3990;2367;818;1331;1921;1373;4980;985;3514;3637;3444;3424;7203;4842;2240;2611;2894;550;3490;4014;792;6413;995;696
1302;1433;1560;2622;1710;1700;1704;1653;1644;1632;1606;1095;2123;0;338;148;58;42;1655;383;5415;1763;1629;896;1501;1560;1549;1538;1436;1600;1657;602;1658;1633;1750;598;1260;1241;819;1403;1293;1562;1366;845;1534;1446;2457;2132;6121;721;332;545;5798;5136;5239;5596;5283;861;485;1231;1014;1040;1743;1018;580;292;1430;1748;657;969;3892;1907;1541;391;433;447;184;1640;3526;3454;423;1740;5275;1124;1154;717;3159;3438;1115;2942;5301;2045;1552;512;3241;4166;1634;1436;2694;552;940;2079;1069;2063;3120;4381;4679;5672;1640;3861;3593;4712;3134;4076;4926;3081;4923;2619;1352;435;449;480;485;490;526;3263;2011;2299;1720;1729;1760;2527;2643;2668;2827;4243;2634;1558;2509;3134;2551;4922;1337;1918;2042;1848;1829;5489;3128;3426;540;1694;1931;1421;2113;1360;4699;1681;2108
1469;1721;1848;2308;1998;1988;1992;1941;1932;1920;1894;1261;2411;338;0;216;282;296;1821;104;5389;2051;1917;1062;1789;1848;1837;1826;1724;1888;1923;670;1946;1921;2038;318;1548;1529;1107;1691;1581;1850;1654;1133;1822;1734;2745;2420;6510;441;17;712;6086;5302;5871;5767;5449;1028;651;1519;1180;1328;1464;738;868;92;1596;1914;946;1135;3611;2084;1707;141;721;735;472;1806;3245;3620;491;2028;5854;1412;874;437;3325;3604;835;3108;5933;1765;1840;800;3529;4655;1922;1270;2982;718;1228;2245;1235;2229;3409;4669;4967;5960;1928;4027;3859;4728;3422;4364;5214;3348;4999;2886;1640;155;169;200;205;210;246;3551;2177;2465;2008;2017;2048;2693;2809;2834;3116;4532;2922;1846;2675;3300;2718;5188;1503;1637;1761;1567;1548;5209;2848;3592;260;1413;2219;1294;1799;1648;4419;1969;2274
1253;1428;1555;2332;1858;1848;1852;1801;1792;1780;1753;1046;2271;148;216;0;206;106;1605;319;5293;1911;1777;846;1649;1577;1697;1686;1583;1748;1805;480;1806;1781;1898;533;1408;1389;967;1551;1441;1710;1514;993;1682;1594;2605;2280;6269;657;233;496;5946;5086;5190;5474;5233;812;435;1379;964;1188;1679;953;728;170;1380;1699;805;919;3827;2055;1492;356;581;595;332;1591;3460;3404;301;1888;5226;1272;1089;652;3110;3388;1050;2892;5251;1980;1569;660;3389;4439;1782;1314;2842;502;1088;2029;1020;2013;3268;4529;4827;5820;1788;3811;3741;4859;3282;4224;5074;3229;5071;2767;1500;371;384;416;421;426;462;3411;1961;2249;1867;1877;1908;2477;2593;2618;2975;4391;2782;1706;2460;3085;2502;5070;1287;1853;1976;1783;1763;5424;3064;3377;475;1629;2079;1299;1823;1508;4635;1829;2058
1360;1439;1566;2565;1716;1706;1710;1659;1650;1638;1612;1153;2129;58;282;206;0;100;1713;326;5645;1769;1635;954;1507;1566;1555;1544;1442;1606;1663;660;1664;1639;1756;541;1266;1247;825;1409;1300;1568;1372;851;1540;1452;2463;2138;6127;664;274;603;5804;5194;5297;5654;5340;919;543;1237;1072;1046;1686;960;586;350;1488;1806;664;1026;3835;1914;1605;333;439;453;190;1698;3468;3511;481;1746;5333;1130;1096;659;3217;3496;1058;3000;5359;1987;1558;518;3247;4172;1640;1526;2701;609;946;2136;1127;2121;3127;4387;4685;5678;1646;3919;3599;4718;3140;4082;4933;3088;4930;2625;1358;377;391;423;428;432;468;3269;2068;2357;1726;1735;1766;2585;2701;2726;2834;4250;2640;1564;2567;3192;2609;4928;1394;1860;1984;1790;1771;5431;3071;3484;482;1637;1937;1551;2056;1366;4642;1688;2166
1292;1476;1603;2412;1752;1742;1746;1695;1687;1674;1648;1084;2165;42;296;106;100;0;1644;399;5373;1805;1671;885;1543;1602;1591;1580;1478;1642;1699;560;1700;1675;1792;613;1302;1283;861;1445;1336;1604;1408;887;1576;1488;2499;2174;6163;737;313;535;5840;5125;5228;5554;5272;851;474;1273;1003;1082;1759;1033;622;250;1419;1737;700;958;3907;1950;1530;436;475;489;226;1629;3540;3443;381;1782;5265;1166;1169;732;3148;3427;1130;2931;5290;2060;1594;554;3283;4208;1676;1394;2737;541;982;2068;1058;2052;3163;4423;4721;5714;1682;3850;3635;4754;3176;4119;4969;3124;4966;2661;1395;451;464;496;501;506;542;3305;2000;2288;1762;1771;1802;2516;2632;2657;2870;4286;2676;1600;2498;3123;2541;4964;1326;1933;2056;1863;1843;5504;3144;3415;555;1709;1973;1379;1903;1402;4715;1724;2097
672;391;430;3879;532;522;526;946;895;813;839;668;802;1655;1821;1605;1713;1644;0;1924;6041;1770;536;1353;501;398;961;972;521;495;2206;1950;987;963;765;2138;824;806;1473;1292;552;1154;747;1434;469;1304;2347;1929;6130;2262;1838;1054;5688;4475;4578;4657;4622;1318;1170;713;1471;745;3284;2559;1221;1775;921;692;1312;700;5135;2457;170;1962;1337;1323;1586;77;3998;2102;1707;1747;4615;683;2695;2258;1824;2079;2549;1590;4640;3586;407;1258;2170;2748;885;2796;1685;1048;1152;1279;644;1263;3130;4271;4688;5562;890;2569;4330;4931;2220;3187;4037;3505;5347;2502;622;1976;1990;2021;2026;2031;2067;2458;338;947;1298;1308;774;840;956;981;2023;4133;2643;877;1158;1783;1200;4993;318;3160;3284;3090;3071;6850;4489;2067;2081;2541;889;2846;3370;602;6060;1011;441
1572;1765;1892;2352;2042;2031;2036;1984;1976;1963;1937;1365;2454;383;104;319;326;399;1924;0;5432;2094;1961;1165;1833;1891;1880;1869;1767;1932;1894;745;1989;1965;2082;288;1591;1572;1150;1735;1625;1893;1698;1176;1865;1778;2789;2464;6481;338;86;815;6129;5405;5915;5811;5552;1131;754;1563;1283;1372;1360;634;911;195;1699;2018;989;1238;3601;2054;1811;184;765;778;516;1910;3216;3723;594;2072;5898;1455;770;333;3429;3707;805;3211;5977;1661;1883;843;3572;4758;1966;1314;3026;821;1271;2348;1339;2332;3452;4712;5214;6004;1971;4130;3830;4699;3466;4408;5258;3319;4970;2856;1684;52;65;97;102;107;143;3594;2280;2568;2051;2061;2092;2796;2912;2937;3159;4575;2965;1890;2779;3403;2821;5159;1606;1608;1732;1538;1519;5105;2745;3696;156;1384;2262;1338;1843;1692;4316;2013;2377
5418;6319;6419;3747;6534;6524;6529;7067;6908;6896;6870;5854;6685;5415;5389;5293;5645;5373;6041;5432;0;7190;6603;5169;6601;6466;6963;6952;6527;6562;7252;4841;7072;7047;6848;5646;6674;6655;6246;6817;6404;6976;6780;6272;6568;6860;7884;7559;11839;5384;5371;5654;11225;4407;4325;4221;4691;5203;5417;6645;5093;6454;4587;5168;6007;5480;5123;5395;6085;5806;7779;7269;6061;5504;5884;5874;5599;6160;8285;6767;5256;7167;4308;6259;5206;5380;6290;6627;5844;6651;4387;4392;6474;5939;7971;8255;6898;4215;7789;5660;6367;4999;5907;5158;8548;9808;10106;11099;6904;6971;9188;9913;8145;8988;9838;8677;10185;8214;6484;5484;5502;5471;5466;5461;5425;8155;5870;6008;7134;7143;6858;6377;6492;6534;8242;9670;8061;6972;6144;6548;6204;10517;6203;6386;6548;6351;6411;7010;6923;6615;5411;6599;6956;4167;3595;6480;8494;7096;6174
2180;1434;1561;4229;1536;1526;1530;1177;1229;1217;1191;1915;1949;1763;2051;1911;1769;1805;1770;2094;7190;0;1455;2323;1492;1480;1136;1133;1436;1426;806;2377;1147;1158;1355;2085;1220;1201;1040;690;1284;936;1147;1001;1469;738;894;568;4592;2500;2043;1713;4234;6189;6292;6371;6336;2289;1912;1231;2441;1163;3523;2797;1378;2055;2409;2406;1268;1700;4178;1003;1600;2102;1330;1316;1579;1693;2281;3766;2133;168;6328;1266;3029;2496;3487;3742;2137;3254;6354;3824;1472;1310;2427;3886;1219;3211;1862;1719;911;2993;1619;2977;1557;2818;3150;4109;1233;4233;2673;3274;2320;3244;4094;1789;3631;845;1353;2267;2281;2313;2318;2323;2359;2430;2367;2611;1049;960;1343;2444;2559;2567;1995;2680;1070;1137;2821;3446;2864;3337;1672;2261;2206;2217;2197;6067;3707;3731;2372;1505;1550;3196;3720;1360;5277;1136;2104
1170;358;194;3783;141;131;135;511;460;378;404;1031;554;1629;1917;1777;1635;1671;536;1961;6603;1455;0;1527;216;141;526;537;217;60;1891;1997;552;528;315;2214;496;477;1333;881;419;743;336;1294;183;893;1912;1494;5695;2299;1909;1043;5252;5114;5218;5296;5261;1493;1281;406;1645;604;3321;2595;1080;1921;1419;1331;1171;797;4994;2142;492;1968;1196;1182;1445;475;3683;2371;1754;1432;5254;571;2731;2294;2092;2347;2408;1859;5280;3622;133;1117;1851;2596;450;2734;1208;1037;1011;1918;696;1902;2695;3836;4253;5127;455;2838;4015;4616;1744;2796;3646;3190;5032;2187;319;2012;2026;2058;2063;2067;2103;1982;972;1216;863;873;325;1049;1164;1172;1547;3698;2208;442;1426;2051;1468;4678;682;3020;3144;2950;2931;6709;4349;2335;2117;2401;412;2750;3274;298;5920;576;709
892;1243;1343;2348;1712;1702;1706;1883;1832;1819;1793;685;2019;896;1062;846;954;885;1353;1165;5169;2323;1527;0;1524;1389;1801;1790;1450;1486;2217;653;1889;1865;1771;1379;1542;1523;1379;1895;1328;1947;1568;1405;1492;1938;3017;2692;6681;1503;1079;610;6358;4283;4386;4465;4430;34;411;1428;118;1401;2556;1799;1140;1016;668;994;1218;730;4673;2468;1239;1202;1018;1007;929;1338;4306;2705;948;2300;4423;1183;1936;1498;2405;2684;1896;2194;4448;2709;1398;1072;3387;3797;1822;1466;2712;617;1500;1133;831;1306;3681;4941;5239;6232;1827;3105;4153;5272;3248;4299;5149;3642;5484;3179;1407;1217;1230;1262;1267;1272;1308;3486;1412;1551;2105;2114;1781;1919;2035;2076;3050;4804;3194;1779;1761;2386;1803;5482;1034;2699;2822;2629;2609;6270;3910;2672;1322;2475;1880;1315;1839;1404;5481;1913;1698
1135;285;152;3780;297;287;291;582;531;449;475;996;698;1501;1789;1649;1507;1543;501;1833;6601;1492;216;1524;0;127;597;608;157;192;1928;2103;623;599;400;2087;466;447;1195;927;208;790;383;1156;32;939;1983;1565;5766;2171;1781;981;5323;4948;5051;5130;5095;1490;1278;349;1643;476;3193;2467;953;1793;1384;1165;1043;794;4856;2178;457;1840;1068;1054;1317;440;3719;2455;1859;1469;5088;411;2603;2166;2176;2431;2281;1943;5113;3494;120;990;1983;2740;521;2731;1341;974;873;1752;694;1736;2766;3907;4324;5198;526;2922;4051;4652;1877;2928;3778;3227;5069;2223;226;1884;1898;1930;1935;1940;1976;2115;811;1300;934;944;410;1133;1249;1257;1680;3769;2279;513;1511;2136;1553;4715;647;2882;3006;2812;2793;6571;4211;2420;1989;2263;568;2747;3271;241;5782;647;793
1032;221;56;3645;222;212;216;562;510;428;454;894;595;1560;1848;1577;1566;1602;398;1891;6466;1480;141;1389;127;0;577;588;145;100;1916;1922;602;578;380;2145;448;429;1263;906;335;768;362;1224;95;918;1974;1557;5758;2229;1840;969;5315;4845;4949;5027;4992;1355;1143;336;1508;535;3251;2526;1011;1851;1281;1062;1102;660;4925;2167;354;1899;1127;1113;1376;338;3708;2352;1679;1457;4985;496;2662;2225;2074;2329;2339;1840;5011;3553;8;1048;1932;2637;500;2596;1290;962;942;1649;559;1633;2757;3898;4316;5189;506;2819;4040;4641;1826;2877;3727;3215;5057;2212;246;1943;1957;1988;1993;1998;2034;2063;708;1197;926;936;390;1030;1146;1154;1628;3761;2271;492;1408;2033;1450;4703;544;2950;3074;2881;2861;6640;4279;2317;2048;2331;494;2612;3136;226;5850;626;691
1512;667;617;4002;607;597;601;104;155;164;138;1286;902;1549;1837;1697;1555;1591;961;1880;6963;1136;526;1801;597;577;0;11;574;497;1572;2150;109;84;302;2134;413;394;1191;416;528;227;300;1152;565;445;1407;989;5190;2218;1829;1481;4747;5566;5669;5748;5713;1767;1555;405;1919;535;3240;2515;1000;1840;1760;1783;1091;1071;4853;1823;833;1888;1116;1102;1365;901;3364;2822;1906;1113;5705;660;2651;2214;2543;2798;2328;2310;5731;3542;568;1037;1819;2908;167;2984;1273;1251;869;2370;970;2354;2190;3330;3748;4622;172;3289;3696;4297;1713;2655;3505;2871;4713;1868;540;1932;1946;1977;1982;1987;2023;1841;1423;1667;358;368;290;1500;1616;1624;1406;3193;1703;103;1878;2502;1920;4359;1024;2878;3002;2808;2789;6567;4207;2787;2037;2270;497;2969;3493;544;5778;133;1160
1500;656;629;3991;618;608;612;115;166;176;149;1275;913;1538;1826;1686;1544;1580;972;1869;6952;1133;537;1790;608;588;11;0;563;508;1569;2139;120;96;313;2123;402;383;1180;405;516;224;288;1141;576;434;1404;986;5187;2207;1817;1470;4745;5529;5632;5711;5676;1755;1543;394;1908;524;3229;2503;989;1829;1749;1746;1080;1060;4841;1820;822;1876;1105;1091;1354;912;3361;2833;1895;1111;5668;649;2640;2202;2554;2809;2317;2321;5694;3531;579;1026;1831;2919;178;2972;1284;1240;858;2333;959;2317;2187;3328;3745;4619;184;3300;3693;4294;1724;2666;3516;2869;4711;1865;528;1921;1935;1966;1971;1976;2012;1853;1435;1678;356;365;302;1511;1627;1635;1417;3190;1700;114;1889;2514;1931;4357;1012;2867;2991;2797;2778;6556;4196;2798;2026;2267;509;2958;3482;533;5767;144;1171
1083;211;177;3706;298;288;292;575;524;442;468;936;711;1436;1724;1583;1442;1478;521;1767;6527;1436;217;1450;157;145;574;563;0;202;1872;2037;616;591;393;2021;324;305;1139;847;202;709;322;1100;124;859;1915;1497;5699;2105;1715;907;5256;5112;5215;5294;5258;1416;1204;212;1568;411;3127;2401;887;1727;1332;1329;978;720;4801;2122;405;1774;1003;989;1252;460;3663;2475;1793;1413;5251;405;2537;2100;2196;2451;2215;1963;5277;3428;136;924;1976;2754;513;2657;1334;900;817;1916;620;1900;2698;3839;4257;5130;519;2942;3995;4596;1870;2921;3771;3171;5013;2167;101;1819;1832;1864;1869;1874;1910;2107;830;1320;867;876;403;1153;1268;1276;1672;3702;2211;506;1530;2155;1572;4659;595;2826;2950;2756;2737;6515;4155;2440;1924;2207;574;2673;3197;81;5726;640;813
1128;317;152;3742;140;130;135;482;431;349;375;990;553;1600;1888;1748;1606;1642;495;1932;6562;1426;60;1486;192;100;497;508;202;0;1862;1986;523;499;300;2185;467;448;1304;852;400;714;308;1265;159;864;1883;1465;5666;2270;1880;1033;5223;5114;5218;5296;5261;1451;1239;377;1604;575;3292;2566;1052;1892;1377;1331;1142;756;4965;2113;450;1939;1167;1153;1416;434;3654;2370;1743;1403;5254;560;2702;2265;2092;2347;2379;1859;5280;3593;92;1088;1851;2596;421;2693;1208;1026;982;1918;655;1902;2666;3807;4224;5098;426;2837;3986;4587;1744;2795;3645;3161;5003;2158;304;1983;1997;2029;2034;2038;2074;1982;972;1216;834;844;310;1049;1164;1172;1547;3669;2179;413;1426;2051;1468;4649;640;2991;3115;2921;2902;6680;4320;2335;2088;2372;412;2708;3232;283;5891;547;709
2426;1869;1996;4171;1972;1962;1966;1613;1664;1653;1627;2161;2385;1657;1923;1805;1663;1699;2206;1894;7252;806;1891;2217;1928;1916;1572;1569;1872;1862;0;2271;1583;1594;1791;1748;1656;1637;892;1125;1720;1372;1582;913;1905;1174;1646;1320;4587;1967;1906;1606;4859;6457;6560;6639;6604;2183;1806;1667;2335;1599;2926;2264;1272;2014;2706;2842;1186;1946;3226;251;2035;1872;1224;1210;1473;2128;1917;4202;2027;869;6597;1702;2329;1963;3923;4178;1392;3690;6622;3179;1908;1203;2902;4322;1655;3133;2356;1613;1000;3429;1906;3413;1968;3634;3320;4733;1669;4669;1936;3055;2796;3738;4588;1425;3267;962;1788;1931;1945;1976;1981;1986;2022;2924;2803;3047;1485;1396;1779;2880;2995;3003;2489;3469;1535;1573;3257;3882;3299;3265;2108;1497;1426;1427;1408;5290;2930;4166;2036;715;1986;3157;3662;1796;4787;1571;2540
1598;1773;1900;1880;2078;2068;2072;2254;2245;2233;2207;1391;2617;602;670;480;660;560;1950;745;4841;2377;1997;653;2103;1922;2150;2139;2037;1986;2271;0;2259;2234;2351;959;1861;1842;1433;2004;1894;2163;1967;1459;1902;2047;3071;2746;6735;959;669;841;6412;5076;5098;4994;5223;665;780;1832;737;1641;1900;1256;1194;624;1321;1648;1271;1264;4236;2521;1836;801;1071;1061;786;1936;3886;3359;443;2354;5081;1725;1392;955;3059;3337;1476;2847;5160;2053;1914;1126;3842;4451;2235;862;3295;847;1554;1786;1365;1960;3734;4995;5293;6286;2241;3758;4207;5325;3735;4677;5527;3695;5537;3233;1953;797;810;842;847;852;888;3864;2065;2204;2321;2330;2361;2822;2938;2963;3429;4857;3248;2159;2415;3040;2457;5536;1632;2279;2402;2209;2189;5740;3380;3326;901;2055;2532;847;1371;1961;4951;2283;2403
1600;756;643;4111;633;623;627;72;124;190;164;1374;1019;1658;1946;1806;1664;1700;987;1989;7072;1147;552;1889;623;602;109;120;616;523;1583;2259;0;53;328;2243;522;503;1300;525;616;238;335;1261;591;542;1418;1000;5201;2327;1937;1345;4759;5592;5695;5774;5738;1855;1643;514;2007;644;3349;2623;1109;1949;1849;1808;1200;1159;4793;1834;922;1996;1225;1211;1474;926;3375;2848;2015;1125;5731;770;2760;2322;2569;2824;2437;2336;5757;3651;594;1146;1710;2848;134;3092;1164;1339;978;2396;1059;2380;2201;3342;3759;4633;128;3315;3707;4308;1604;2546;3396;2883;4725;1879;614;2041;2055;2086;2091;2096;2132;1732;1449;1693;238;247;257;1526;1641;1649;1297;3204;1714;129;1903;2528;1946;4371;1112;2987;2992;2917;2898;6676;4316;2813;2146;2281;523;3078;3602;613;5887;24;1186
1575;731;619;4086;536;525;530;20;71;153;127;1350;817;1633;1921;1781;1639;1675;963;1965;7047;1158;528;1865;599;578;84;96;591;499;1594;2234;53;0;226;2218;497;479;1276;501;591;248;311;1236;566;530;1428;1011;5212;2303;1913;1321;4769;5481;5584;5663;5627;1830;1618;490;1983;620;3325;2599;1084;1925;1824;1697;1175;1135;4803;1844;897;1972;1200;1186;1449;902;3385;2737;1991;1135;5620;746;2735;2298;2458;2713;2412;2225;5646;3626;570;1121;1763;2854;81;3068;1217;1315;954;2284;1034;2269;2211;3352;3770;4643;76;3204;3717;4318;1657;2599;3449;2893;4735;1889;590;2016;2030;2062;2066;2071;2107;1785;1338;1582;380;390;204;1415;1530;1538;1350;3215;1724;104;1792;2417;1835;4381;1087;2963;3003;2893;2873;6652;4291;2702;2121;2292;412;3053;3577;589;5862;77;1075
1398;532;421;4027;321;311;315;207;220;138;164;1260;603;1750;2038;1898;1756;1792;765;2082;6848;1355;315;1771;400;380;302;313;393;300;1791;2351;328;226;0;2335;617;598;1418;684;595;508;403;1379;368;713;1782;1394;5471;2420;2030;1228;5122;5266;5370;5448;5413;1737;1525;527;1890;725;3442;2716;1202;2042;1647;1483;1292;1042;5080;2041;720;2089;1317;1303;1566;704;3582;2522;2108;1332;5406;777;2852;2415;2244;2499;2530;2011;5432;3743;372;1239;1600;2608;210;2978;958;1222;1097;2070;941;2054;2492;3706;3671;4997;215;2990;3914;4515;1494;2545;3395;3090;4932;2086;495;2133;2147;2179;2184;2189;2225;1732;1124;1368;639;649;22;1201;1316;1324;1297;3568;1984;218;1578;2203;1620;4578;910;3105;3229;3035;3016;6795;4434;2487;2238;2489;198;2994;3518;474;6005;352;861
1786;2019;2146;2566;2295;2285;2289;2238;2230;2217;2191;1579;2708;598;318;533;541;613;2138;288;5646;2085;2214;1379;2087;2145;2134;2123;2021;2185;1748;959;2243;2218;2335;0;1845;1826;1141;1844;1879;2147;1951;1167;2119;1887;2779;2454;6335;558;300;1029;6120;5619;6129;6025;5766;1345;968;1816;1497;1625;1580;855;1165;409;1913;2232;1079;1452;3436;1909;2025;266;980;1103;731;2124;3070;3937;808;2062;6112;1709;991;554;3643;3921;660;3425;6191;1882;2137;1097;3826;4751;2219;1528;3280;1035;1262;2562;1553;2546;3442;4703;5068;5994;2225;4344;3684;4553;3719;4662;5512;3173;4824;2711;1938;325;339;371;375;380;416;3848;2494;2782;2305;2314;2345;3010;3126;3151;3413;4565;2956;2143;2993;3618;3035;5013;1820;1462;1586;1392;1373;5094;2733;3910;430;1238;2516;1552;2057;1945;4304;2267;2591
1252;408;481;3713;577;567;571;517;497;485;458;1027;990;1260;1548;1408;1266;1302;824;1591;6674;1220;496;1542;466;448;413;402;324;467;1656;1861;522;497;617;1845;0;19;924;615;258;548;219;884;428;627;1697;1279;5480;1929;1540;1192;5038;5281;5384;5463;5427;1507;1295;155;1660;250;2951;2226;711;1551;1501;1498;802;812;4585;1907;574;1599;827;813;1076;667;3448;2807;1617;1197;5420;400;2362;1925;2528;2783;2039;2295;5446;3253;440;748;2200;3032;487;2695;1681;1198;602;2085;711;2069;2480;3621;4038;4912;493;3274;3780;4381;2094;3063;3913;2956;4798;1952;290;1643;1657;1688;1693;1698;1734;2249;1134;1652;706;716;611;1485;1600;1608;1814;3483;1993;422;1862;2487;1905;4443;764;2611;2734;2541;2521;6300;3939;2772;1748;1991;798;2680;3204;294;5510;546;1145
1233;389;462;3694;558;548;552;498;478;466;440;1008;971;1241;1529;1389;1247;1283;806;1572;6655;1201;477;1523;447;429;394;383;305;448;1637;1842;503;479;598;1826;19;0;905;596;239;529;200;865;409;608;1678;1260;5462;1910;1521;1173;5019;5262;5365;5444;5409;1488;1276;137;1641;232;2933;2207;692;1533;1482;1479;783;793;4566;1888;555;1580;808;794;1057;648;3429;2788;1599;1179;5401;382;2343;1906;2509;2764;2020;2276;5427;3234;421;729;2181;3014;468;2676;1662;1179;583;2066;692;2050;2461;3602;4020;4893;474;3255;3761;4362;2075;3044;3894;2937;4779;1933;271;1624;1638;1669;1674;1679;1715;2230;1115;1633;687;697;592;1466;1582;1590;1795;3465;1974;404;1844;2469;1886;4424;745;2592;2716;2522;2503;6281;3921;2753;1729;1973;779;2661;3185;276;5492;527;1126
1650;1137;1264;3285;1414;1404;1408;1295;1293;1281;1254;1386;1827;819;1107;967;825;861;1473;1150;6246;1040;1333;1379;1195;1263;1191;1180;1139;1304;892;1433;1300;1276;1418;1141;924;905;0;874;987;1204;1042;39;1228;917;1734;1409;5398;1556;1099;768;5075;5619;5722;5801;5766;1345;968;935;1497;773;2578;1853;434;1110;1930;1996;348;1171;3675;1143;1303;1158;386;372;635;1396;2809;3644;1189;1017;5759;856;2084;1552;3365;3620;1231;3132;5784;2880;1255;365;2734;3869;1283;2266;2188;775;322;2545;1131;2529;2397;3658;3956;4949;1288;4111;2828;3947;2628;3570;4420;2317;4159;1855;1056;1323;1337;1369;1373;1378;1414;2756;1892;2489;1317;1228;1407;2322;2437;2445;2321;3520;1911;1201;2699;3324;2741;4157;1262;1700;1824;1630;1611;5390;3029;3609;1428;1081;1613;2252;2776;1064;4600;1324;1982
1645;887;948;3856;962;952;956;520;559;546;520;1380;1284;1403;1691;1551;1409;1445;1292;1735;6817;690;881;1895;927;906;416;405;847;852;1125;2004;525;501;684;1844;615;596;874;0;737;353;572;835;895;44;1246;828;5029;2073;1683;1335;4587;5642;5746;5824;5789;1861;1540;678;2013;617;3095;2369;854;1695;1863;1859;945;1165;4335;1376;1053;1742;970;956;1219;1231;2917;3192;1761;667;5782;720;2505;2068;2913;3168;2038;2680;5808;3396;898;891;2009;3289;548;2838;1463;1341;582;2446;1072;2430;2029;3170;3587;4461;554;3659;3249;3850;1902;2844;3695;2425;4267;1421;806;1786;1800;1832;1836;1841;1877;2031;1793;2037;488;497;672;1870;1985;1993;1596;3032;1542;466;2247;2872;2289;3913;1126;2561;2534;2491;2472;6250;3890;3157;1891;1823;879;2823;3347;814;5461;549;1530
1060;216;319;3583;500;490;494;610;558;546;520;813;906;1293;1581;1441;1300;1336;552;1625;6404;1284;419;1328;208;335;528;516;202;400;1720;1894;616;591;595;1879;258;239;987;737;0;663;295;948;240;780;1978;1426;5642;1963;1573;784;5318;5089;5192;5271;5235;1293;1081;155;1446;269;2985;2259;745;1585;1309;1306;835;598;4649;1970;382;1632;860;847;1110;475;3511;2663;1651;1261;5228;203;2395;1958;2384;2639;2073;2151;5254;3286;328;782;2178;2948;548;2535;1536;778;665;1893;497;1877;2641;3902;4200;5193;554;3130;3843;4444;2072;3123;3973;3019;4861;2015;128;1676;1690;1722;1727;1732;1768;2309;862;1508;820;830;605;1341;1457;1465;1874;3764;2154;505;1719;2344;1761;4507;572;2674;2798;2604;2585;6363;4003;2628;1781;2055;776;2550;3074;143;5574;639;1002
1647;802;810;4015;824;814;818;268;319;370;344;1432;1147;1562;1850;1710;1568;1604;1154;1893;6976;936;743;1947;790;768;227;224;709;714;1372;2163;238;248;508;2147;548;529;1204;353;663;0;435;1164;757;329;1206;788;4990;2231;1842;1494;4547;5675;5779;5857;5822;1913;1698;540;2065;597;3253;2528;1013;1853;1895;1892;1104;1217;4581;1622;968;1901;1129;1115;1378;1093;3163;3027;1919;913;5815;744;2664;2227;2749;3004;2341;2515;5840;3555;760;1050;1679;2976;329;2997;1133;1500;835;2479;1105;2463;1989;3130;3548;4421;324;3494;3495;4096;1573;2515;3365;2671;4513;1667;675;1945;1959;1990;1995;2000;2036;1701;1629;1873;158;168;496;1705;1821;1829;1266;2993;1502;308;2083;2708;2125;4159;1159;2852;2781;2782;2762;6610;4249;2992;2050;2070;703;2982;3506;679;5820;226;1366
1279;435;403;3819;417;407;411;330;278;266;239;1054;830;1366;1654;1514;1372;1408;747;1698;6780;1147;336;1568;383;362;300;288;322;308;1582;1967;335;311;403;1951;219;200;1042;572;295;435;0;1002;351;584;1641;1223;5424;2036;1646;1025;4981;5307;5411;5489;5454;1534;1322;199;1686;341;3058;2332;817;1658;1528;1524;908;838;4703;1833;601;1705;933;919;1182;686;3374;2647;1724;1124;5447;449;2468;2031;2369;2624;2145;2135;5473;3359;353;854;2001;2873;268;2801;1359;1018;720;2111;738;2095;2424;3565;3982;4856;274;3114;3706;4307;1895;2882;3732;2882;4724;1878;293;1749;1763;1795;1799;1804;1840;2068;1249;1492;592;602;392;1325;1441;1449;1633;3427;1937;225;1703;2328;1745;4370;791;2729;2853;2659;2640;6418;4058;2612;1854;2110;599;2786;3310;292;5629;359;986
1676;1098;1225;3311;1374;1364;1368;1256;1254;1241;1215;1412;1787;845;1133;993;851;887;1434;1176;6272;1001;1294;1405;1156;1224;1152;1141;1100;1265;913;1459;1261;1236;1379;1167;884;865;39;835;948;1164;1002;0;1188;878;1695;1370;5359;1582;1125;794;5035;5645;5748;5827;5792;1371;994;895;1523;734;2604;1879;460;1136;1956;1957;374;1197;3701;1163;1264;1184;412;398;661;1357;2830;3604;1215;978;5785;817;2110;1578;3326;3581;1257;3092;5810;2906;1216;391;2695;3830;1244;2292;2149;801;282;2571;1157;2555;2358;3618;3917;4910;1249;4071;2849;3967;2589;3531;4381;2337;4179;1732;1017;1349;1363;1395;1399;1404;1440;2717;1852;2449;1278;1188;1367;2282;2398;2406;2282;3481;1871;1161;2660;3285;2702;4224;1223;1726;1850;1656;1637;5416;3055;3569;1454;1107;1574;2278;2802;1024;4626;1285;1943
1103;253;120;3748;264;254;258;550;498;416;443;964;665;1534;1822;1682;1540;1576;469;1865;6568;1469;183;1492;32;95;565;576;124;159;1905;1902;591;566;368;2119;428;409;1228;895;240;757;351;1188;0;907;1950;1533;5734;2203;1814;948;5291;4916;5019;5098;5062;1458;1246;316;1610;509;3225;2499;985;1825;1351;1133;1076;762;4889;2156;424;1873;1101;1087;1350;408;3697;2423;1659;1446;5055;443;2636;2199;2144;2399;2313;1911;5081;3527;87;1022;1951;2708;488;2699;1309;942;906;1720;661;1704;2733;3874;4292;5165;494;2890;4029;4630;1845;2896;3746;3205;5047;2201;226;1917;1931;1962;1967;1972;2008;2082;778;1268;902;912;378;1101;1216;1224;1647;3737;2247;480;1478;2103;1521;4692;615;2914;3038;2845;2825;6604;4243;2388;2022;2295;536;2715;3239;205;5814;615;761
1688;930;960;3899;974;964;968;549;588;575;549;1423;1313;1446;1734;1594;1452;1488;1304;1778;6860;738;893;1938;939;918;445;434;859;864;1174;2047;542;530;713;1887;627;608;917;44;780;329;584;878;907;0;1202;784;4986;2116;1726;1378;4543;5685;5789;5867;5832;1904;1583;690;2056;660;3138;2412;898;1738;1906;1902;988;1208;4383;1425;1096;1785;1013;999;1262;1243;2966;3204;1804;715;5825;763;2548;2111;2925;3180;2081;2692;5851;3439;910;935;1965;3281;577;2881;1419;1384;625;2489;1115;2473;1985;3126;3544;4417;583;3671;3298;3899;1859;2801;3651;2473;4315;1470;824;1829;1843;1875;1880;1885;1921;1987;1805;2049;444;454;701;1882;1997;2005;1552;2989;1498;495;2259;2884;2301;3961;1169;2604;2583;2534;2515;6294;3933;3168;1934;1872;908;2866;3390;829;5504;530;1542
2874;2128;2003;4923;2091;2081;2085;1448;1499;1550;1524;2609;2204;2457;2745;2605;2463;2499;2347;2789;7884;894;1912;3017;1983;1974;1407;1404;1915;1883;1646;3071;1418;1428;1782;2779;1697;1678;1734;1246;1978;1206;1641;1695;1950;1202;0;437;3614;3195;2737;2407;3338;6883;6986;7065;7030;2983;2607;1747;3135;1857;4217;3491;2072;2749;3103;3100;1962;2394;4857;1756;2294;2796;2024;2010;2273;2286;2436;4292;2828;792;7023;1961;3723;3190;4014;4269;2944;3780;7048;4518;1966;2004;2218;3740;1509;3905;1791;2413;1606;3687;2313;3671;613;1922;2172;3213;1504;4759;2341;2942;2112;2777;3699;1638;3775;885;1881;2962;2975;3007;3012;3017;3053;2218;2894;3137;1038;1028;1760;2789;2905;2913;1783;1784;163;1489;3348;3973;3390;2776;2367;2954;2899;2982;2962;6760;4400;4257;3066;2344;1730;3890;4414;1886;5955;1406;2631
2344;1591;1585;4598;1704;1694;1698;1030;1081;1132;1106;2142;1816;2132;2420;2280;2138;2174;1929;2464;7559;568;1494;2692;1565;1557;989;986;1497;1465;1320;2746;1000;1011;1394;2454;1279;1260;1409;828;1426;788;1223;1370;1533;784;437;0;4050;2870;2412;2082;3777;6372;6476;6554;6519;2658;2282;1329;2810;1306;3892;3166;1747;2424;2593;2589;1637;1926;4676;1501;1757;2471;1699;1685;1948;1868;2596;3905;2503;467;6512;1454;3398;2865;3626;3881;2619;3393;6538;4193;1548;1679;1984;3352;1092;3580;1419;2088;1281;3176;1802;3160;1147;2360;2326;3652;1086;4372;2673;3274;1878;2622;3470;1970;3946;1023;1463;2636;2650;2682;2687;2692;2728;1776;2506;2750;620;610;1373;2401;2517;2525;1341;2223;599;1071;2961;3585;3003;3213;1856;2759;2704;2730;2710;6565;4204;3870;2741;2018;1343;3565;4089;1468;5775;988;2243
6538;5792;5787;8758;5776;5766;5770;5231;5283;5333;5307;6273;5818;6121;6510;6269;6127;6163;6130;6481;11839;4592;5695;6681;5766;5758;5190;5187;5699;5666;4587;6735;5201;5212;5471;6335;5480;5462;5398;5029;5642;4990;5424;5359;5734;4986;3614;4050;0;6555;6493;6071;1303;10547;10650;10729;10694;6647;6270;5530;6799;5521;7513;6851;5736;6602;6767;6764;5626;6058;7246;4645;5958;6459;5688;5674;5937;6070;4826;7906;6491;4520;10686;5624;6917;6550;7627;7882;5979;7394;10712;7766;5750;5668;4822;6218;5293;7720;5405;6077;5269;7351;5977;7335;3021;2403;1830;1710;5287;7737;3120;2761;4924;4217;5183;3390;3846;3799;5664;6518;6532;6563;6568;6573;6609;4757;6508;6751;4821;4811;5374;6402;6518;6526;5397;2540;3487;5272;6962;7587;7004;1322;6030;5843;5789;5871;5852;9645;7289;7871;6623;5302;5344;7745;8249;5669;8345;5190;6244
1910;2103;2230;2067;2380;2369;2374;2322;2314;2301;2275;1703;2792;721;441;657;664;737;2262;338;5384;2500;2299;1503;2171;2229;2218;2207;2105;2270;1967;959;2327;2303;2420;558;1929;1910;1556;2073;1963;2231;2036;1582;2203;2116;3195;2870;6555;0;424;1153;6535;5905;5927;5824;6052;1469;1092;1901;1621;1710;1023;297;1249;533;2037;2355;1327;1576;3348;2000;2148;514;1102;1116;853;2248;3064;4061;851;2478;5910;1793;433;5;3766;4045;575;3549;5989;1324;2221;1181;3910;5096;2304;1258;3364;1159;1677;2686;1677;2670;3858;5118;5287;6410;2309;4468;4086;4644;3804;4746;5596;3392;4916;2930;2022;286;273;241;236;231;195;3932;2618;2906;2389;2399;2430;3134;3250;3275;3497;4981;3371;2228;3117;3741;3159;5232;1944;1378;1502;1308;1289;4853;2492;4033;182;1330;2600;1282;1795;2030;4063;2351;2715
1486;1713;1840;2291;1990;1980;1984;1933;1924;1912;1885;1278;2403;332;17;233;274;313;1838;86;5371;2043;1909;1079;1781;1840;1829;1817;1715;1880;1906;669;1937;1913;2030;300;1540;1521;1099;1683;1573;1842;1646;1125;1814;1726;2737;2412;6493;424;0;729;6077;5319;5854;5750;5466;1045;668;1511;1197;1320;1446;720;860;109;1613;1931;937;1152;3594;2066;1724;133;713;727;464;1824;3227;3637;508;2020;5836;1404;857;419;3342;3621;817;3125;5916;1748;1831;792;3520;4672;1914;1252;2974;735;1220;2262;1252;2246;3400;4661;4959;5952;1920;4044;3842;4711;3414;4356;5206;3331;4982;2868;1632;138;151;183;188;193;229;3543;2194;2482;1999;2009;2040;2710;2826;2851;3107;4523;2913;1838;2692;3317;2735;5171;1520;1620;1744;1550;1530;5191;2831;3609;243;1396;2211;1277;1781;1640;4402;1961;2291
1017;819;946;2693;1124;1114;1118;1340;1288;1276;1249;810;1567;545;712;496;603;535;1054;815;5654;1713;1043;610;981;969;1481;1470;907;1033;1606;841;1345;1321;1228;1029;1192;1173;768;1335;784;1494;1025;794;948;1378;2407;2082;6071;1153;729;0;5747;4850;4954;5032;4997;576;200;885;729;972;2175;1449;530;666;1145;1463;607;508;4433;1857;941;852;407;397;587;1040;3614;3168;597;1690;4990;639;1585;1148;2874;3152;1694;2656;5016;2476;960;461;2811;3609;1278;1674;2169;6;890;1793;468;1777;3070;4331;4629;5622;1284;3576;3543;4661;2704;4008;4858;3031;4873;2569;864;866;880;912;917;921;957;3195;1399;2013;1652;1661;1238;1939;2055;2126;2759;4193;2583;1235;2224;2849;2266;4871;736;2459;2583;2389;2369;5920;3560;3141;971;1783;1396;1660;2184;860;5131;1369;1520
6214;5468;5344;8264;5432;5422;5426;4789;4840;4891;4864;5950;5545;5798;6086;5946;5804;5840;5688;6129;11225;4234;5252;6358;5323;5315;4747;4745;5256;5223;4859;6412;4759;4769;5122;6120;5038;5019;5075;4587;5318;4547;4981;5035;5291;4543;3338;3777;1303;6535;6077;5747;0;10224;10327;10406;10370;6324;5947;5087;6476;5198;7785;6831;5413;6089;6444;6441;5303;5734;7945;4916;5634;6137;5365;5351;5614;5627;5525;6915;6168;4133;10363;5301;7188;6531;7354;7030;6251;6556;10389;8038;5307;5344;4098;5494;4850;7245;5132;5754;4946;7028;5654;7012;3118;1775;1909;959;4844;7012;3937;3578;4200;3493;4459;4050;4662;4055;5221;6302;6316;6348;6352;6357;6393;4032;6235;6478;4378;4368;5101;6130;5784;5750;4408;1912;3336;4829;6689;6748;6731;2301;5707;6115;6060;6142;6123;9921;7560;6990;6407;5574;5071;7231;7755;5226;9044;4747;5971
